14
-1533
-854
-1815
-2
668
-1154
-939
-1415
-1127
1201
-1112
-1463
897
1560
-212
-910
1469
-1660
-1665
544
-1143
1417
1261
-1821
-534
1719
1649
299
1455
-1572
-1017
-1180
1115
521
765
-151
-480
1165
-1666
-169
-1223
-659
1282
-1565
624
1682
-232
-1708
1292
-1107
1153
-1577
-671
-1172
-1260
-973
-1109
-796
935
-397
-1987
-56
-557
-1875
-978
-736
-1231
-1388
-195
-194
-1527
-1861
-549
-1697
-1740
-26
-806
-1787
-375
-467
1885
-1786
1130
692
-653
-287
281
-1121
-911
-1005
-1749
-225
-353
1978
-1746
-535
-585
-1191
-1082
1670
-1379
-38
164
-1403
-680
-32
-1978
1726
-913
-123
1351
506
-1841
-1633
494
-738
-466
-1117
1750
-1798
1582
-1196
1821
-944
-409
55
-1947
-1960
779
-524
-1192
860
-1426
1316
-773
-1056
-979
-1606
-1909
1162
-1614
-1007
-461
-1133
-224
1699
-141
97
-1681
-1103
-929
-1583
-156
-448
1478
-683
-1724
-460
-1487
24
-1127
-1091
-126
-1472
-1508
-714
-324
223
815
-1668
-1569
-389
-82
-67
995
-1497
426
60
1755
-1561
1147
-1000
-1252
1422
-602
159
-1418
-298
1343
-619
-1214
-11
-210
-1354
-863
-97
-1489
1195
-501
-1209
-717
-166
-1271
-1717
-1074
1394
284
-937
-1336
343
1622
-1439
1823
-774
-432
-1963
-1133
173
-185
-711
-1877
-1050
-1047
982
-258
1047
1693
-478
-1651
1101
795
1951
-351
495
1840
218
-139
1810
-785
942
932
599
1356
-1555
-140
1229
-1348
-1424
1643
-539
337
-425
-1401
-447
-976
-191
465
-16
-1150
-674
-453
534
576
528
1801
-276
309
-1740
-1267
1504
-1647
-973
-225
-706
-763
-517
-1514
561
243
1321
-896
11
-77
-970
-325
1432
-950
-200
-1541
961
-1074
1514
-59
-593
-1370
-644
-83
-1058
-887
-1742
-1327
-433
1613
-606
-1280
-3
1403
1566
229
-1013
-512
-93
1815
-1265
-1090
93
-78
1830
133
-269
-298
1149
-741
-389
-955
1656
-810
-1343
-1101
-831
965
-485
841
962
-1185
-1485
1992
-931
291
-1194
-1802
2
-266
-1533
-436
-1482
479
-1424
-1178
-1147
-624
1497
-777
-663
-617
-378
-107
1603
1785
222
-1443
-1562
115
415
-538
-843
52
-1891
-875
-942
-1198
-1822
-949
-454
-883
-1982
269
-1539
-612
-1053
-420
1161
-255
1492
-1511
440
-1504
1955
-1554
-1141
-1794
-1563
-434
-1029
-1679
-146
-1189
1602
-1357
-794
-578
1934
-1101
-1485
-1506
-90
-1483
703
47
78
-595
813
-289
-62
1669
-338
-1184
-1129
-1094
1795
553
-215
-1106
-1726
-615
-1493
-834
-1481
1132
1187
1835
-22
-547
1714
-675
1166
-12
870
-1204
-735
1973
-887
-464
-1006
-165
574
1009
-1176
-1578
-377
-928
-1427
-960
1053
1103
1068
-470
-166
-1680
-321
-1807
-405
-939
-1100
-241
-230
-551
-1931
264
-1643
-271
-492
1036
-878
-122
-1462
1547
-1942
-1218
-719
770
-1119
1330
-1076
1811
1736
1176
287
-753
-577
-1375
-1660
-235
1199
1400
-1934
705
-1738
148
-202
-1532
1642
-1551
-1037
-567
1747
-200
1735
-54
456
-1566
1285
1315
448
1738
879
1226
242
-1367
409
-182
1222
431
1368
1700
-650
-1068
-585
-752
-282
-1014
-1045
-639
-584
1746
-257
585
-1387
-1637
1094
-145
444
-81
1595
864
1448
-610
-45
214
1273
-718
58
1880
1608
1215
938
-1278
608
1407
-516
644
275
-1772
-906
-143
1194
-160
-309
816
1948
-448
843
-1730
-461
-1118
-991
176
-967
-873
743
-136
1563
1093
1349
-278
-1412
-440
-1482
-1132
252
1555
267
579
-1337
-993
-125
-181
1129
-163
-346
617
-304
-241
91
-1325
-1011
-1126
-641
-967
-172
635
-428
1794
-1229
-694
-391
-1315
-1113
-473
667
1131
1520
1559
-216
-920
-681
1784
-1799
-1599
1391
-693
-446
-727
-924
-20
-289
-666
233
767
1853
1778
-698
-1459
202
-942
1203
1490
419
-1373
-1572
-240
-750
-370
-365
-1889
1702
990
-952
-873
-1245
-1166
-91
-493
-606
-851
-726
-612
-1444
499
-838
-1997
77
988
27
-1469
-214
-558
-116
1042
-966
-1131
-799
-620
-1110
-819
986
-638
-1040
-1069
-141
-1852
-23
-751
656
-1809
-986
-1810
-505
-836
1704
1510
-485
-1366
-86
-881
130
-57
-340
1141
-320
-403
-804
-507
-64
328
-29
-534
-50
-576
-644
362
-832
-1542
-365
1301
-1775
-1283
-731
-734
1818
282
239
1138
-1919
1737
-139
-1965
-590
-1387
1698
1812
-786
1409
248
901
-598
-1703
73
-824
677
-1297
-1783
208
-449
98
-330
201
1183
-16
-1813
-272
-719
-311
-1020
-1642
-729
12
372
-720
1533
-404
1439
-252
-90
-1052
-207
-109
-1674
-22
1507
-25
464
-1945
-371
-824
-791
-339
620
738
183
-1604
-319
-957
-1232
-709
586
1387
1783
1372
-940
-1104
258
1031
-1451
1208
550
-484
-536
374
-354
1006
-540
-1185
158
-267
877
211
1694
-1223
-746
-787
175
1339
-1894
1772
-1830
-1716
-1782
615
707
-221
732
1160
-1015
-518
-696
1264
-917
-369
-559
1032
859
-1193
315
-478
-744
1822
-142
-1996
-798
-54
-321
-1242
-105
1813
-341
-841
353
1089
-1584
-1190
-563
-1504
-848
-835
455
1690
630
1653
224
686
-1860
-49
1429
-785
-1962
-975
253
-969
-42
777
679
-639
-883
-441
-1838
-840
-905
-1724
446
-810
-656
-1189
443
106
-596
1410
-614
-1539
-708
-488
-41
-395
-1050
-1084
-1369
-604
-923
1662
-1031
-989
1017
48
-1136
1453
-1630
-1547
-111
-676
46
1512
-941
-111
1073
-1732
-1040
-184
-758
-59
417
-1634
1151
-1798
-594
824
1865
-255
1348
137
-1814
-38
491
-1053
-316
1050
590
-1569
-1096
-835
-1123
-1329
-190
33
-1176
-457
-651
-1568
1763
-880
-1610
-549
-1449
-1058
891
847
-1628
-237
597
807
-280
-1520
-104
-587
1024
-1318
-1038
-489
-319
1209
-774
-833
-1365
-1003
-7
-597
1921
-673
-506
1198
689
458
-1152
-1720
-1867
-1684
1762
-198
-348
773
957
-1
811
210
-176
1748
-1559
68
-1955
-616
675
-971
-1491
-1706
-1993
480
-351
1212
-670
-546
-1039
421
-1364
1252
-726
-1672
-372
863
-620
1864
-13
-886
659
1844
-1922
-21
1506
-676
-1275
1393
514
1770
-913
-1933
-242
-53
-299
1350
1686
-431
-1165
1288
-358
-672
-1078
-30
889
1463
-513
-735
1791
786
-48
-379
-463
-1338
1895
903
-619
-1304
-1591
-1722
-1263
-679
-253
-1434
-1636
-265
1797
-25
1238
63
1759
-596
-356
-706
-554
1645
-860
-81
-623
1247
138
-1853
-508
1251
-189
1631
342
-775
1188
-699
-907
388
1716
-1924
-1048
1049
-453
-355
-641
-1139
757
-1361
-1088
1596
-760
-1296
-1489
-27
-1004
1599
607
-716
-652
493
-1471
-1261
805
1843
-391
1878
1962
-1057
-55
-294
-799
-1312
1825
-592
567
1280
-696
-503
-915
1910
-1690
-1888
875
-154
-1839
1882
1051
-1328
-1303
-863
-312
637
-1270
-574
-611
924
-1874
1064
647
1941
-935
-1773
-1393
-12
-242
540
-1454
838
-174
-1441
-1537
-1574
1286
203
-1122
1723
1678
-725
330
1654
-959
-496
1030
-875
1618
-723
255
1625
-523
-499
-340
-656
-364
899
1630
-797
555
285
508
-261
1175
-1148
661
-417
-509
-1319
-336
-404
376
1881
136
-396
28
-1535
-368
-1777
1788
-1287
603
-817
-1768
322
-119
-921
-477
90
1496
-661
-177
729
-615
1392
1461
-561
-1714
-1903
-239
756
1363
-1380
-84
-812
-271
-813
-1191
-797
-1588
-52
1636
-993
-1410
655
401
862
1994
1304
1172
-1941
665
-985
438
-664
1765
-395
-198
-559
-1917
196
-748
614
-1718
50
-17
1174
492
99
219
-428
213
531
-537
1549
-652
915
-1419
236
1381
-932
-303
-1675
525
-631
-750
-971
609
-13
-1034
96
-322
45
1097
1688
1604
1847
975
577
-922
-1553
-357
-99
1291
1745
1436
-6
-1282
-565
1503
-370
-1719
391
993
180
-1928
469
-784
533
-335
1306
319
-891
1025
-1012
-550
699
-95
-1094
-147
154
1344
-1242
-1474
-1339
-366
1037
-1875
1019
1581
774
-1202
1935
-1767
305
710
857
-113
-900
639
-1274
-515
-307
596
-442
-317
147
-621
1867
-1926
-4
1524
1323
341
1889
266
1352
-633
-1975
-46
-239
-876
-318
-1683
-705
750
259
592
-1151
-236
722
-19
-746
-69
-279
660
526
1687
-1452
-983
-678
-4
-1167
-288
1193
911
-640
425
313
-1623
569
1373
-343
871
-343
1530
1868
-1010
953
-1983
1680
193
-413
294
179
-1415
994
-1990
-439
-1531
611
-1306
-718
1271
-1943
-587
400
-525
-203
1119
-1639
-5
1740
943
1052
-153
-191
192
-292
41
-1545
887
200
145
-1977
658
81
996
1574
-1598
-213
-283
812
1098
1336
1259
-1699
1293
468
-940
-1681
-273
-235
1158
-1855
-219
837
848
-1228
-1077
556
810
851
-329
-600
-1580
-278
-582
1376
-1142
1754
-1087
820
-130
131
-1904
1711
-1476
-1170
1913
1857
-1972
108
-1011
-245
-51
-270
297
589
1163
-146
-648
381
490
217
-227
-579
-1677
1615
1679
991
-1138
1262
1500
-845
1713
1334
746
1586
754
989
-176
-599
1365
551
-279
-1649
49
-1756
-1811
808
-36
-1134
1578
-589
1091
199
-52
-1757
-1172
-1465
1255
1575
-1549
628
-345
-327
-634
268
-205
-1257
-751
-1763
1995
-250
-1157
-1513
-1554
-163
-458
515
-3
1234
-583
823
629
-1416
549
826
-128
-387
-93
880
-747
-1227
-1774
768
1796
763
-287
-464
1413
1015
612
237
-129
-637
1908
-1301
-1178
-1722
896
-223
-626
-8
221
-363
-901
1728
-1477
-1004
1757
-800
-196
43
1303
-5
484
1080
-83
-296
-964
1401
-277
-1238
-183
-221
-531
-1164
-390
-197
1874
-1019
-1480
1526
-482
-514
-48
1434
-406
-642
673
-1070
-416
1233
520
-1683
717
1418
-326
582
-1021
-470
1930
741
-71
1876
-1893
997
-233
1003
1870
-213
771
-892
1937
-114
-536
-1661
-227
-18
-1456
-951
-1139
-74
1564
-646
-310
1834
-518
1900
-488
166
1718
1277
-11
-1305
930
-44
-1760
-759
497
1290
1695
-1230
385
-625
793
86
-1268
-47
789
-17
-560
1010
517
-1837
1917
-385
-1254
-58
206
999
1245
-125
292
1950
580
-438
1424
-352
-209
447
648
-450
-816
-476
-264
-1659
-430
1594
-315
-1281
-1492
-418
-1638
1164
-425
-269
1374
-57
128
1067
1897
-579
-1585
1620
-70
1741
-769
-71
-1528
-282
1246
992
-1751
-879
260
-1438
-992
839
1800
728
749
1270
921
1090
-732
852
1332
1916
-1177
-437
-1400
-102
736
-15
-24
507
1495
920
664
-1102
1673
1964
554
783
-894
1157
1931
1902
-1408
-192
1866
-685
-739
-629
1123
143
144
1263
1804
-1420
-1065
-865
1629
-1743
111
-821
-158
552
367
-65
1841
-849
-1409
-844
1871
1548
-1332
-459
1244
626
977
622
524
119
662
-1670
-1770
169
-195
-382
1753
1611
-205
566
1855
-1501
-1669
-67
336
-106
-565
-231
-341
-1956
1002
1113
1486
-407
-469
1787
1569
-643
632
261
-823
-1239
1389
-1563
583
-1792
735
-89
-1530
-1320
-61
441
966
-1923
-481
-987
-306
-905
-535
1892
-208
290
-779
-173
1752
1914
373
-1103
-1741
-622
439
854
386
1646
-545
908
-808
1989
623
-80
84
16
-699
-1687
1294
-266
296
-44
-80
872
-1341
-1548
-1326
36
1598
-1030
1385
1250
377
-1779
-260
1388
1899
-657
714
146
1961
-1826
-1121
1576
-1171
-1064
424
1861
1977
-1616
535
-1516
1337
1849
1114
1124
-1546
1007
1802
-388
-380
273
1028
987
-778
-1887
-308
-18
-124
477
-220
1383
-216
509
-1938
471
-1055
905
-1239
1949
270
941
-1174
1807
215
-1667
709
801
-846
1597
271
733
-707
-1614
1058
-122
1242
-136
-300
718
1156
1406
-1294
985
102
-1818
1540
-250
917
69
1470
-143
674
-990
