-109
-135
-178
25
31
87
61
-7
-91
-145
-176
-44
-24
-91
-162
43
-100
188
152
-93
-64
-26
-124
-43
-185
-177
-19
-76
180
-22
-130
186
-117
21
26
94
-123
-77
-160
-153
-32
51
-81
-95
-164
-194
-70
-78
-98
-29
-100
7
-21
-24
18
-1
-20
-50
167
56
-120
-132
118
-56
109
55
-39
-196
-68
-74
-83
157
120
58
-8
142
47
77
-41
-42
-115
-17
114
75
-28
-49
36
29
-53
-188
166
98
-149
72
-13
-94
-40
8
80
93
-6
-2
-99
156
69
-127
101
89
9
-47
-65
-26
63
107
179
-174
2
-40
-45
-183
-119
-12
-67
27
-200
3
-38
48
133
-110
20
-126
-106
-72
14
35
73
102
182
-112
147
-101
136
82
37
76
-121
-155
6
33
-102
-66
62
-186
177
-34
-4
-195
-32
-117
-35
-118
-59
193
-5
64
185
41
121
-28
16
83
-66
-92
23
-35
-90
53
190
199
-58
198
-44
-52
-93
67
-125
187
194
-108
-3
-5
-99
-180
104
59
140
-133
164
-179
