-810
-596
-1072
-1361
-1684
-245
92
273
-834
1721
-259
-1520
-807
1357
1812
-1090
-1802
-27
-1046
-1639
-1645
1126
28
29
80
1325
337
-1745
-976
-585
-1595
-266
-1263
-215
-257
-50
-1356
-1652
319
-1945
-824
-82
-1122
427
1810
-1900
814
1079
1662
-574
-3
-331
1594
-1511
469
-867
1171
-1498
209
1616
-936
-787
1027
-1244
311
-713
-917
-1926
1493
-79
-516
103
-1134
-376
-617
1195
-969
267
-1369
-1435
-114
-1481
611
-1660
-931
-1830
-1673
-75
-582
-659
-1486
-457
1650
-28
-992
-741
-1568
-465
-1422
1694
343
-572
-479
-648
-1624
-1007
-1597
1371
-715
-113
-433
1916
-583
-1626
549
1428
-1209
-276
-1254
1125
646
-530
690
-43
-180
134
-1067
-274
344
487
-758
-1632
-726
1216
-1269
624
81
1278
-1108
-447
-210
-1120
-1001
872
-322
-1703
-372
-1912
-1849
146
907
1272
1282
-575
870
616
382
-901
-1554
-998
791
-1660
-792
-1749
-739
-497
-378
-249
372
1046
-1412
-130
1858
429
588
-130
-512
1915
-409
-830
827
-1754
-293
-410
-662
-1719
-1176
184
746
-1596
-1325
703
1118
-1260
-1049
-931
467
-550
-1674
-597
559
-694
-68
-764
-1198
-384
1657
-954
-150
-561
1387
-1569
1998
-31
-370
-519
-156
1117
-1726
-738
-1125
-228
-505
-1721
-128
-445
392
-928
-487
-1149
27
-252
-120
-949
-1743
-1648
-1425
-1023
-153
-1169
-63
450
1705
-717
1509
-1203
1684
1837
-1239
317
1959
-1025
1043
-598
-308
1310
-534
622
1716
-284
-763
610
477
-1204
-1220
-48
-1677
-554
-1542
-1514
-682
1037
-709
-120
1373
-155
-354
-1413
-1679
497
-797
570
-208
-1928
-1145
-121
1193
891
1897
-547
1515
-382
-873
1004
659
-314
-115
335
-1222
-216
-11
-865
-773
-246
1459
-645
-1814
-1019
-986
1049
-981
-729
-642
-1655
-1354
1305
-754
-652
-405
-1070
-1348
-537
-292
-1500
-1570
-363
-1852
-938
-93
900
-1633
-108
-50
-1140
-594
-1840
-990
-329
-1060
-887
-310
-1387
1753
-1273
1854
-573
178
-700
233
-101
1228
-1507
-1370
1219
-576
-1305
-820
-1633
1877
1141
691
-246
-805
-544
1647
-427
-744
-434
-1688
602
-278
1577
-815
-1026
-1519
-1672
-833
124
1495
1394
1354
1711
1782
-511
974
-116
1367
-286
-775
741
1293
-1529
760
0
-1016
1630
-340
-1597
368
-44
-1375
-1750
296
-86
-1462
-185
1320
-141
-1996
-1280
-643
767
-685
-77
-1074
1482
-1319
-1366
-903
466
-671
-385
593
-945
-1147
-84
-1370
-352
-1058
-302
1586
-1257
-920
-1157
523
-1581
234
699
-10
190
-61
-1080
-1207
-1069
-522
-1774
-851
-323
117
-1349
-1779
288
-1919
-468
-1166
-1506
-167
1206
-1158
727
-1591
1150
-1251
457
-850
-938
75
750
-910
-835
-448
995
-686
1839
-773
-1893
636
594
1467
-1756
-39
841
1054
-440
-360
-214
-225
1487
-1407
-112
352
-1467
62
-457
1827
-143
555
-774
-600
1781
960
-1310
-20
-481
-253
1248
-1858
-365
1590
-781
513
-977
-1239
173
-305
-245
-932
-1658
591
634
-678
1597
-1915
1311
739
-265
-687
-207
-667
-1088
1818
-1408
254
211
-1911
151
-675
1891
-559
1554
-606
671
1222
-898
-1192
-192
-1254
-660
1181
-795
-1488
-1780
-1027
-197
-1004
-1079
-613
1751
-1284
-963
-1889
-545
373
-518
826
-510
-673
1217
-681
-1322
1451
-213
581
-177
808
-876
-195
1713
-163
877
1176
-429
-189
-134
-1011
-1414
-732
-677
715
-1519
-1167
1943
753
-1233
-1785
-1236
-874
138
-424
200
852
-1001
-1547
-403
-523
360
-345
-1212
-361
-1772
-1386
1739
-334
442
-105
-962
1337
277
1997
-640
-277
125
-923
894
-1685
-1117
1525
-740
-1522
-251
-341
-1280
217
-1302
615
-473
1093
1019
-272
-927
-1977
1691
-1253
-595
620
-45
1743
-200
-1778
1530
482
786
-110
-983
804
-495
1094
-1081
-1028
128
1358
-662
-1531
-622
-398
-336
-391
-1143
1316
1785
-419
-850
-459
-1575
-639
-694
-993
-1049
-591
-13
-641
-88
-453
1343
-635
-727
693
-174
-1971
1587
-472
1624
909
-702
1745
-1285
1549
-631
979
1732
-1139
-1040
834
668
1420
-1279
1259
-950
1595
1061
-933
95
-422
1673
-671
-482
485
1664
1702
-218
-992
-1172
1726
74
-1937
1675
-364
330
-905
379
1379
1545
-957
-91
951
-839
1009
-1567
-956
-799
-326
-56
-1938
-1876
-1918
-220
-1824
-530
-414
-350
1669
-589
577
-571
648
943
-1306
942
-1283
-1292
1510
-38
139
-261
355
-1868
-463
-1465
541
1512
-1208
198
-62
-308
-766
-1425
871
857
-1794
315
-1385
-1717
-925
731
-355
-592
-891
886
-1039
-944
1517
-82
-1975
-857
-1953
508
1441
-1300
-1100
-1054
-1627
933
-1931
-566
782
-289
755
775
1496
-275
-1709
1095
1389
998
-1622
-1490
-75
1486
-587
113
-1333
818
165
-801
-1440
991
-684
-433
-1356
-145
-895
-1055
632
1050
-1308
-1065
1033
1960
-610
-1015
-449
299
1795
1821
-1939
1344
-636
-629
31
-1196
-1588
807
1562
-672
-423
-952
1386
-1025
-52
-751
-320
245
-1106
1479
-373
-1363
-701
-100
876
-438
-861
-740
1021
-1713
-930
236
108
-777
586
1080
1900
-1340
336
-721
-641
-64
1431
-1056
1390
-974
-335
1152
-1189
334
-718
-507
147
-80
835
773
1887
-89
-385
-908
1653
538
1634
-1960
-1003
-1655
1548
-380
-506
474
1473
560
-1229
603
1683
639
438
-900
-934
-841
1360
-98
-673
1087
-816
-956
-712
-1809
1477
-1647
-133
-459
-1786
-1792
-1095
-229
745
-381
1841
-929
1606
286
1893
-1533
-90
-161
-386
1690
-1003
1207
1905
-1689
441
-73
1501
955
-264
-57
764
901
-1022
-498
1345
197
1861
-1032
-1373
-400
-863
-14
912
-653
-168
-1186
1696
-973
1329
-1293
-358
-314
1936
-796
1101
733
-294
-12
-122
195
1471
-1472
-985
-606
817
-651
-7
-129
1804
-200
-107
-18
-412
-226
-140
1565
-1694
1940
-637
-935
-1182
-1188
375
-725
-315
-1691
1700
1846
-610
556
-1234
-249
135
566
440
496
650
1519
-239
1407
-877
-716
1045
-36
-1600
-49
274
-384
-1396
543
-521
931
-991
1400
-1857
261
-534
-971
1681
1596
-864
-393
1096
514
-645
-578
84
413
1082
-420
1297
-449
688
-549
42
-22
-173
-753
-1121
-693
1208
-910
-487
-1366
1137
1580
553
-1872
-1979
-463
-569
-217
-609
-423
-110
-870
-306
-802
697
-484
1635
-1447
-254
-1080
-1060
1029
-30
-66
-1199
-830
-1182
-368
1949
1335
-736
-1959
-230
-508
-1180
-1498
-312
-1812
-1855
1584
1350
-1946
-550
-1348
-679
1127
-1485
1908
1231
1393
-546
-1016
-888
1309
-420
-531
-1443
-663
-346
686
944
999
-640
-1385
-978
1607
-735
-927
1701
-1284
-291
-221
1946
752
-74
-547
-1923
256
1913
1622
-255
781
-829
-1816
318
-53
-1823
-127
-258
-123
712
-124
1511
836
-36
-1249
-1403
366
821
-138
-104
163
-300
-349
911
1324
-1618
-668
-239
-1995
1888
-1029
-119
924
1154
-1983
1
205
1427
-397
535
536
-1303
1828
-464
-1954
-577
-421
1315
-1739
-698
-1628
-1133
393
-758
-441
464
1581
-658
738
-1511
-234
905
1296
669
-111
-1083
-237
-1146
310
1756
-1487
-710
1531
-765
-303
2
321
-1106
48
-348
1411
1147
-1068
-1000
-135
1898
1286
-321
-288
-175
-1261
747
-1972
-556
1892
1536
-1562
-222
1075
-1967
-56
-375
-1223
-269
1024
-501
388
788
436
885
-17
1466
1214
-370
-911
1264
-322
-421
675
-919
-93
1090
-475
-579
1989
-1229
-838
-124
1807
-526
-1338
-1360
1142
-1313
-632
-651
-1224
1645
-15
-1796
-1711
-99
-105
-1419
1257
-346
1225
802
1230
-1594
-137
-1934
89
118
-398
1994
-63
1494
-831
1055
-1788
-1337
-647
-614
-911
1948
378
-202
1574
-349
-867
-242
719
-248
-1014
-1610
1269
-1723
-1135
744
-255
-1520
-138
-759
1364
-603
-872
-357
501
-479
-1211
-248
595
545
-552
-1357
1979
1583
-813
-1217
-1279
677
-918
707
763
-165
709
1194
-1437
-311
-529
651
1868
-630
-1275
-258
-1451
525
1612
-576
-355
-166
1566
-80
-774
-2000
910
-73
414
-290
-515
-196
-549
-1456
-193
-1948
-586
1615
1099
-1376
-1221
702
685
1362
-1114
-869
-339
-201
-256
1784
522
1717
-842
1489
1439
-1744
-573
-904
-718
661
1185
-906
-730
968
-1714
1161
-1174
-1354
-1625
1074
-1271
-1367
-604
189
127
1139
-151
1035
-353
1679
779
1619
785
766
-276
-1925
-76
1442
13
-892
39
-1094
831
815
-874
1770
1223
1928
-1064
1369
-297
356
-163
-1611
-801
1338
-406
683
-668
-1005
1331
820
-232
-725
1461
1267
1665
412
-1541
-683
-307
275
504
-257
893
131
-1673
-642
665
362
-451
1159
-1133
-1611
1404
-776
1268
1415
-1384
-309
-661
116
1762
-908
-779
-4
-469
-136
1746
-133
-199
1177
-858
-895
-190
-415
1767
-372
-109
-213
621
-1699
160
-195
-1053
-221
220
-21
-1613
-1325
-424
-529
1570
1000
-1863
1425
1229
-1394
-34
-1417
1838
-186
-1973
444
-506
-821
-729
88
-170
1144
-1371
754
1884
243
-1671
1749
-960
-1820
-107
585
1363
-1978
-1669
-439
-1801
1765
1755
86
-344
314
-1145
-435
641
-71
-876
-413
-1372
-305
-1172
-884
1967
-434
-878
735
55
-855
320
-1807
1707
-216
-942
923
-1240
-235
977
967
-1038
-45
-727
-1644
-151
1988
-304
1695
-764
-474
-1871
-1381
1052
1175
-990
-565
1265
-1018
-1495
-1052
402
-148
422
-72
-634
-1064
-399
468
-509
825
619
-1341
-605
223
-512
305
435
-1320
-1331
193
1116
346
628
-193
-722
-672
1656
-666
-162
-1496
329
-1066
11
-379
-60
-1406
-1248
1978
-194
-137
1423
-1453
-793
-1510
-1564
432
716
-768
-404
623
102
459
664
-855
-1476
858
-1556
-1589
-1107
708
-607
-474
-160
-52
230
649
-273
1532
-1518
930
-1508
1710
903
1902
-1327
-1560
-979
-209
1397
-247
210
-607
800
-357
-1317
369
-172
-905
-219
864
57
244
1802
1210
-1730
-1944
-568
-1287
631
-294
-796
-1469
-427
12
705
932
-146
1395
114
-763
-1843
-1530
-240
-211
-1346
-1409
1955
-32
1083
1976
1263
509
51
-1449
-1493
1727
-1168
-803
-571
-488
-731
-1941
1234
-533
913
948
1341
-188
272
-41
975
-930
-1873
1470
-1034
1771
-7
-79
247
-233
-1355
1823
-706
-14
-290
-233
-1395
-336
770
191
260
-464
316
-1957
-970
1133
-1777
-604
-818
1958
1114
-647
-191
-1760
-470
-496
239
1402
-1231
-144
1845
-445
-879
-209
1714
1666
-1950
222
-354
-1290
1540
-1264
-350
-69
723
-1667
1251
1240
1170
751
861
303
-1442
1899
1129
455
736
1924
-914
391
-24
-1580
1295
250
25
839
-47
-492
725
1406
-1897
7
1780
1124
1405
1524
880
-665
572
338
1097
606
-1604
-1875
1820
1871
-1986
403
-1183
-147
-1412
1974
1347
-1314
-561
1375
-937
-565
-1321
565
-298
-819
-1389
353
-1742
1220
-1751
-794
-646
-1206
-717
-207
-103
-91
1932
533
-1649
-72
1611
186
899
54
240
1100
345
-333
133
1832
-1026
1865
-1776
449
1456
1201
1051
-1631
-1492
-243
-884
1791
-1865
36
1817
1346
-395
-18
420
1778
1376
100
166
848
927
607
401
1348
1945
-1475
-1706
638
-1430
-1228
-1805
-598
-1909
-1481
-1534
-845
479
843
1648
1643
1553
-263
1463
-1566
-85
-205
202
-395
212
1432
15
759
1058
-665
680
-1449
-766
-1878
-176
-1009
473
-1563
906
1068
-954
418
973
1308
-1758
-162
816
1668
1520
1396
-1726
637
-1023
101
331
1313
-373
-890
1633
-1183
-15
-297
-593
1066
1608
629
-497
-198
1247
-1920
-1352
568
-228
304
290
-1338
-1932
-975
-1360
722
-483
